model_id;response_id;cs_id;ucs_id;control;reg;up_down_r;is_mem;relax.integrated;relax.emergence;train.integrated;train.emergence;relapse.integrated;relapse.emergence;test.integrated;test.emergence;reset.integrated;reset.emergence
50;3;2;12;9;Regulation.UP;Regulation.NEUTRAL;False;0.005502693122732327;0.0004822778446816889;0.007886730574088396;0.0006449011315094455;0.05505967970399411;0.0062897756225075985;0.021438872075407567;0.002270649868531205;0.04673493883507279;0.0050050746117960565
50;3;2;12;9;Regulation.DOWN;Regulation.NEUTRAL;False;0.9969439085536833;0.48611050305195436;0.9963485051138901;0.485901457887295;0.9963518148842666;0.4859018435408405;0.9963519530085094;0.48590185641020767;0.9975649352170708;0.48601868081569466
50;3;4;13;5;Regulation.UP;Regulation.NEUTRAL;True;0.09693942458970736;0.058399720697977386;0.08647582783332863;0.05265849455515187;0.08662868571821059;0.05270550537411828;0.0877065178861074;0.053623734845439516;0.109574678664766;0.06444418325937548
50;3;4;13;5;Regulation.DOWN;Regulation.NEUTRAL;False;0.047173423595668014;0.005466648966726384;0.04658105148578152;0.005448934551870566;0.04687321027072994;0.005479839113690998;0.046919226997326646;0.005484707683151124;0.05619434074837526;0.006452861042298856
50;7;2;6;2;Regulation.UP;Regulation.NEUTRAL;False;0.2319620949321453;0.005972686534529037;0.24091405712224104;0.0014292376173528631;0.13010766470536908;-0.030395987544756947;0.2220880800117457;-0.010443875462331526;0.16036302234741856;-0.025142001120858237
50;7;2;6;2;Regulation.DOWN;Regulation.NEUTRAL;True;3.475674519386983;2.826431159585;3.11507124845323;2.5882636196763094;3.1292778726820147;2.5950253285162503;3.1241090064827577;2.5924710064001326;3.1229702117594655;2.591914353562448
50;3;4;10;13;Regulation.UP;Regulation.NEUTRAL;True;0.7144532018626162;0.6525945325798808;0.6950217094802932;0.6360903788071417;0.6795555885193119;0.6236632712668024;0.7057593594859715;0.6463399992873061;0.6831921015243915;0.6270229375834666
50;3;4;10;13;Regulation.DOWN;Regulation.NEUTRAL;False;4.174261279233223;3.3952509072765213;4.096562246792012;3.368140219668944;4.087512624391072;3.3708093433240944;4.085179817801578;3.371227532702088;4.282200302200431;3.3513414788614764
50;3;2;12;0;Regulation.UP;Regulation.NEUTRAL;False;0.2215166789272205;0.015957722909439864;0.22733287854590697;0.006421071426726571;0.08294990480799136;-0.0570175883631739;0.19941215358576878;-0.017485311582504687;0.13120220059010307;-0.04659758821191683
50;3;2;12;0;Regulation.DOWN;Regulation.NEUTRAL;False;3.567285369628512;3.0551716951097614;3.1407486423271322;2.757682465843628;3.178827858901816;2.7797678894469646;3.176980154351101;2.7786890372392596;3.176069120399153;2.7781588441115934
50;4;5;13;7;Regulation.UP;Regulation.NEUTRAL;False;1.4738094784519484;1.3833912000826631;1.429995722148548;1.347663862409095;1.4269320184638015;1.345221988748102;1.4539293568736995;1.3669325722287589;1.4436430226339305;1.3594826747990236
50;4;5;13;7;Regulation.DOWN;Regulation.NEUTRAL;True;2.911015893707626;2.195928745287169;2.723126598419564;2.000110967909066;2.7586571904351604;2.039383758245446;2.760838583612045;2.0418558198142276;2.76095178486226;2.0419940452236496
50;5;1;8;13;Regulation.UP;Regulation.NEUTRAL;False;0.02032246265484522;0.0019847248343935475;0.01667251552446275;0.0015766370905431204;0.016252530146785016;0.0015390785769892612;0.01856089792816673;0.0017678916308725978;0.016266188196113474;0.0015459201329726113
50;5;1;8;13;Regulation.DOWN;Regulation.NEUTRAL;True;3.2246929711542944;0.13341891702522846;2.961020963127526;0.13276439391773032;2.992293816499611;0.1326832483087652;2.9922433197035088;0.1326990433816313;2.947472225641141;0.13638719008833888
50;4;3;8;6;Regulation.UP;Regulation.NEUTRAL;True;3.90526004400052;3.6509760017386963;3.84625999497782;3.6339717717292497;3.8477696370624033;3.634379814385084;3.8486836395511737;3.6346020719562433;4.341654167851397;3.812595820819669
50;4;3;8;6;Regulation.DOWN;Regulation.NEUTRAL;True;1.188748442081192;0.6773197222174887;0.7318951410803731;0.4578641272351501;0.6756419246029659;0.4304415301742026;0.672800817718505;0.4290542118065053;0.7985832561117593;0.4895503287873912
50;3;2;0;12;Regulation.UP;Regulation.NEUTRAL;False;0.26472701127230047;0.05172099853692522;0.2522243980505082;0.04317630106514825;0.0;-0.12813187238457288;0.17971248649171953;-0.012817208238600282;0.04124932172662551;-0.09770443588069894
50;3;2;0;12;Regulation.DOWN;Regulation.NEUTRAL;False;3.3103534242432273;2.6580693594489344;3.3057569492597123;2.6576665272292423;3.3034877832565;2.6574717809562465;3.3068047786414656;2.6577449036299168;3.7329940658391423;2.711713319708016
50;3;1;12;6;Regulation.UP;Regulation.NEUTRAL;False;0.5666496371947676;0.4935903239687184;0.5637277424493481;0.4913252285360243;0.5633808506828806;0.49103870864169447;0.5654101988095948;0.492529403341487;0.5638505985884859;0.49143950802137965
50;3;1;12;6;Regulation.DOWN;Regulation.NEUTRAL;False;1.0975668941556775;0.7505809531081784;1.021760447017827;0.7260209205095629;1.0252220095380857;0.7271628075326335;1.026747252845853;0.7276633417550706;1.0893212816677136;0.7499793983692531
10;6;7;0;3;Regulation.UP;Regulation.NEUTRAL;False;4.439622556520039;4.426442886600185;3.7226354599513076;3.7167722529518445;3.7212107808222847;3.7153548115448967;3.721582631886232;3.7157406329344878;3.719370176451478;3.7135515039269613
10;6;7;0;3;Regulation.DOWN;Regulation.NEUTRAL;True;0.44936291480757157;0.36732813294628974;0.3986484280577004;0.3303249301713991;0.39793748206824414;0.3295204720610073;0.40107663184144393;0.33166768788930057;0.39652766461803257;0.3285784507878916
10;6;5;2;7;Regulation.UP;Regulation.NEUTRAL;False;1.8095532918376536;1.5868039887930916;1.3282719349337686;1.2124276032240027;1.4039383127082652;1.2709198893777045;1.392274185009724;1.262232682332554;1.323300425847604;1.208674925560465
10;6;5;2;7;Regulation.DOWN;Regulation.NEUTRAL;True;0.14320711116270798;0.0990449692187738;0.12674294997770416;0.08938636828118021;0.12675022380642897;0.0893871294590432;0.12675748997181324;0.08938638640400559;0.12676563390920945;0.08940517778728369
10;3;7;6;7;Regulation.UP;Regulation.NEUTRAL;True;0.005834651740877772;0.005422213292292366;0.0024388173996069407;0.0022884228023540842;0.002423080593105864;0.0022726978521265817;0.0024911939594839394;0.0023452962587611204;0.0025396626075148143;0.002390151225008297
10;3;7;6;7;Regulation.DOWN;Regulation.NEUTRAL;True;0.008533451531741718;0.0022656697349023175;0.004504120626258407;0.001168283967731415;0.004417942733137004;0.001171977016622458;0.004380951655140186;0.0011680272018855797;0.004380951655140186;0.0011680272018855797
10;7;0;2;0;Regulation.UP;Regulation.NEUTRAL;False;0.0005316902164534069;0.00042942001936958994;0.00047627540732586614;0.0003856152462697773;0.00048783696328113515;0.0003978595228396934;0.0004909674471784394;0.00040269684609609306;0.0004467916542989915;0.00035758613455467384
10;7;0;2;0;Regulation.DOWN;Regulation.NEUTRAL;True;3.4464113129812675;3.3977311065908786;3.0857592634758255;3.0609993900063195;3.0857592634758255;3.0609993900063195;3.0857592634423296;3.060999389975212;3.0857592643264664;3.0609993908296396
10;6;4;3;4;Regulation.UP;Regulation.NEUTRAL;True;0.015117140391029738;0.005523808670851449;0.013947260062539213;0.005205923479768559;0.013956373244635056;0.005187911735489936;0.013966405422619621;0.0051824653518175445;0.013958989906600827;0.005200478699909139
10;6;4;3;4;Regulation.DOWN;Regulation.NEUTRAL;True;0.48671618973935005;0.3813152878394575;0.486679701243626;0.3808755047699963;0.48667970269350547;0.38087550401815173;0.48667969857134097;0.38087549958017075;0.48635401694791636;0.38048819274074447
10;3;4;6;4;Regulation.UP;Regulation.NEUTRAL;False;0.12422176442140004;0.089107803202648;0.1239032114251819;0.09913348213936551;0.12368884478139269;0.08851416646745808;0.12382031702586094;0.08869228664873346;0.12674363209781725;0.09197574114628876
10;3;4;6;4;Regulation.DOWN;Regulation.NEUTRAL;True;0.44934493373252893;0.44887543688784454;0.30810544821457364;0.30794418864425105;0.25042113692495976;0.250261228291445;0.22555240027000428;0.22540122088474657;0.27415897843496334;0.2740174805580311
10;3;4;0;5;Regulation.UP;Regulation.NEUTRAL;False;0.11816872009580723;0.03768160406731347;0.09659088854906195;0.022486244512067544;0.09627274833898797;0.022422701834871328;0.0964353317128932;0.022462985896879617;0.09644185797018195;0.02245998612607525
10;3;4;0;5;Regulation.DOWN;Regulation.NEUTRAL;True;3.7753952050745276e-07;2.8669089907618073e-07;1.8804026880037128e-07;1.3499709386466385e-07;1.8481343846965537e-07;1.399874695606762e-07;1.8829901593520049e-07;1.4957738792009678e-07;1.6998423424396947e-07;1.2031357410347e-07
10;6;5;0;5;Regulation.UP;Regulation.NEUTRAL;False;1.715177213942907;1.5515078590157017;1.613000033598393;1.4726382951162407;1.6142203589311168;1.4722094352884736;1.626166570227329;1.4803535905778107;1.649074562098864;1.5017606634429745
10;6;5;0;5;Regulation.DOWN;Regulation.NEUTRAL;True;0.06066359774302943;0.05734562790715564;0.026477251434731508;0.02511460048272407;0.02563706140887706;0.024314842982943008;0.025309140196904167;0.024001792638116193;0.02698387564102711;0.025595775069839732
10;3;4;6;4;Regulation.UP;Regulation.NEUTRAL;False;0.08547517887597261;0.012145338760308766;0.08555966349173916;0.013479666984940797;0.08763831411323147;0.013661567404753779;0.08763063823310041;0.013658134581492724;0.08760791463529422;0.013646511723215349
10;3;4;6;4;Regulation.DOWN;Regulation.NEUTRAL;True;0.09164570706442582;0.07977888444625651;0.0918279891115207;0.07993914715433163;0.09179015718496637;0.07990266101397352;0.09173812664684952;0.07985515067479358;0.09174726902652726;0.07986472526954261
10;6;7;4;2;Regulation.UP;Regulation.NEUTRAL;False;0.04170155083002987;0.00942376686957383;0.007084938701990645;0.0016706539770544038;0.007084748275095948;0.00166994759332445;0.00708603864678492;0.0016698078940147187;0.007094375791098312;0.0016721939322432433
10;6;7;4;2;Regulation.DOWN;Regulation.NEUTRAL;True;4.551293881745719;4.518783650246814;4.00808884060524;3.9898455116997793;4.008660675505627;3.990412622743422;4.010405259032357;3.992114286006725;4.01084025881233;3.9925448295140984
37;10;5;8;7;Regulation.UP;Regulation.NEUTRAL;True;1.09687962905925;3.245763605341789e-05;1.102277746301109;2.4192056464866774e-05;1.0968770040682903;2.3333097919131518e-05;1.102958719482554;2.5473683016641324e-05;1.1144321801466344;4.625961885795782e-05
37;10;5;8;7;Regulation.DOWN;Regulation.NEUTRAL;True;0.2265159100512651;1.0884171472380633e-05;0.2228023997975852;8.95265953676505e-06;0.2242821981038365;9.684945178778381e-06;0.22393373703260472;1.1258246099210556e-05;0.29526960975069305;3.335813513050123e-05
37;6;10;0;11;Regulation.UP;Regulation.NEUTRAL;True;0.08741822683164452;-0.00028772886384603735;0.08477889940788069;-0.000310799333496925;0.07412098538377287;-0.0003519509102119789;0.08439000817067444;-0.00030059608225843637;0.10911915820298251;-0.00021017499022032982
37;6;10;0;11;Regulation.DOWN;Regulation.NEUTRAL;False;0.3155940981900589;7.813235547182718e-05;0.3090137953166134;6.45737603378882e-05;0.30816596548006225;7.315704668350853e-05;0.3131643658901876;7.896335793702858e-05;0.38399973589708364;0.00011782365919293936
37;3;2;9;5;Regulation.UP;Regulation.NEUTRAL;True;0.2919352011869021;-0.00019447040340542232;0.2814924035637199;-0.0002340921458117151;0.28147901521814367;-0.00022299578985268687;0.2834570133132046;-0.00023313080732245695;0.2922459236247825;-0.00020806356223745937
37;3;2;9;5;Regulation.DOWN;Regulation.NEUTRAL;True;0.268867455392243;-2.983183737392814e-05;0.2621388263786857;-4.7619665005771417e-05;0.26230809014739975;-3.751424697431838e-05;0.268361740980276;-3.503272934735069e-05;0.2774366733658605;-8.031710170719464e-06
37;10;5;4;9;Regulation.UP;Regulation.NEUTRAL;True;1.302681066813192;2.3135825349629435e-05;1.3026900558750023;2.3453790233496363e-05;1.3026809304288511;1.856402844080396e-05;1.3026905641303699;1.377285327719413e-05;1.3026809400216623;1.38563555951432e-05
37;10;5;4;9;Regulation.DOWN;Regulation.NEUTRAL;True;0.1302159725337652;-6.372607253474216e-06;0.1307021961257493;-8.213661459560706e-06;0.1339923370676456;-6.949572358833089e-06;0.12998039559490274;-8.368437722922062e-06;0.13073910763204588;-7.855368791637174e-06
37;3;1;10;7;Regulation.UP;Regulation.NEUTRAL;False;0.37827889455517016;1.6961924527991723e-05;0.374701618298355;1.3337202179802832e-05;0.37107722382022235;1.0873206987394024e-05;0.39528953362668795;2.917560786355744e-05;0.3767899656319336;1.407155461949361e-05
37;3;1;10;7;Regulation.DOWN;Regulation.NEUTRAL;True;0.22350375754042015;-0.00012972359098689656;0.22376194856679094;-0.00013682007621977632;0.22594914886224732;-0.0001383634459128924;0.2252698021870692;-0.00011732587847787523;0.2969975873858217;-5.3916389940289466e-05
37;10;5;3;8;Regulation.UP;Regulation.NEUTRAL;True;0.11600525722235679;-1.015653796471172e-05;0.11536748384917334;-1.4986315109488668e-05;0.11477561998301493;-1.2978952190045856e-05;0.11756577489271375;-1.1902431884480702e-05;0.11399935160372007;-1.2831912214683605e-05
37;10;5;3;8;Regulation.DOWN;Regulation.NEUTRAL;True;1.7422787469901917;1.9731859686955566e-05;1.7422781943282095;1.9155498331646648e-05;1.7422782361481088;2.0041853178276448e-05;1.7422779840325724;2.0238348782175564e-05;1.7422781766337154;2.02327878073838e-05
37;3;1;11;6;Regulation.UP;Regulation.NEUTRAL;False;0.15917944198145767;0.00011624573738400201;0.16208984535742102;0.00011779784202414767;0.15753840549152126;0.00012015685960574396;0.17024423487933232;0.0001418200124653976;0.1547121013711936;0.00011489772883610527
37;3;1;11;6;Regulation.DOWN;Regulation.NEUTRAL;True;0.1792246706202406;-4.751144094122806e-06;0.09418231857654052;-0.00020829077518108585;0.09164795411114232;-0.00021893167044739759;0.0962041913079614;-0.00018803349274032488;0.09142298042290178;-0.00020796830700015034
37;3;2;8;2;Regulation.UP;Regulation.NEUTRAL;True;0.42389981898307216;0.0003507269267709612;0.34347278308444795;0.00021129106411077458;0.34581375199743836;0.00020574376644559578;0.34129974034392047;0.0002016119088238122;0.34358404002055465;0.00019859422648166314
37;3;2;8;2;Regulation.DOWN;Regulation.NEUTRAL;True;0.3628156214221653;2.914709176807251e-05;0.3607583602642259;2.639679298216402e-05;0.36522877558092764;2.6200768221643078e-05;0.36276117060366286;2.609077147860961e-05;0.44420383679257147;3.932371367765253e-05
37;3;2;10;2;Regulation.UP;Regulation.NEUTRAL;True;0.4238667509498486;0.0001791718709487078;0.3432817902652368;0.00012052283723157364;0.34468103788089477;0.0001246782553644965;0.3466431877380153;0.00011990721048382724;0.3458248578352927;0.0001324804637844873
37;3;2;10;2;Regulation.DOWN;Regulation.NEUTRAL;True;0.2100686820293059;3.5287065255351635e-06;0.20792749345106337;2.5647326337141507e-06;0.21370779478503527;3.923355458651523e-06;0.21369780298692725;3.6968694622496745e-06;0.26830552922006207;1.7543223551380605e-05
37;10;5;0;9;Regulation.UP;Regulation.NEUTRAL;True;0.23437430470884185;3.2571940930481436e-05;0.22827075773371364;3.4005316147139864e-05;0.23483220942557853;3.538317792545209e-05;0.2315891211693279;3.711061929405346e-05;0.22947553306997817;3.235349969119006e-05
37;10;5;0;9;Regulation.DOWN;Regulation.NEUTRAL;True;0.05812157167265469;-0.00010304467862248812;0.055761053187010134;-0.00010939246703284278;0.056834361543742884;-0.00011468541740458638;0.056204460613074755;-0.00011429778051023909;0.054920713116038966;-0.00011952218071853427
69;6;5;0;4;Regulation.UP;Regulation.NEUTRAL;False;1.9843971056601868;1.1657346619716238;1.9853590832482721;1.1313997166195395;1.9853590832482721;1.1313997166195395;1.9853590832482721;1.1313997166195395;2.1589777970927044;1.8654528791041414
69;6;5;0;4;Regulation.DOWN;Regulation.NEUTRAL;True;0.2943998928770435;0.20292572135025844;0.3063243793768715;0.21129972699263933;0.3249299211298131;0.2223900743232603;0.3249304618899831;0.22239042812563636;0.32387924025279535;0.2220676137823983
69;3;2;9;7;Regulation.UP;Regulation.NEUTRAL;False;2.262122800641423;1.6517639690159813;2.37121909504825;1.7410145750277295;2.354074413268969;1.7364809873067815;2.2397304472113118;1.6487488944058009;2.2343441023474053;1.642708805434245
69;3;2;9;7;Regulation.DOWN;Regulation.NEUTRAL;True;1.3554503847871213;0.8063723206294848;1.3552112379339023;0.8067585974329238;1.3569157479913216;0.8080219862858302;1.3665956479520749;0.8111764382325786;1.3816355590281126;0.8160524937936539
69;4;6;0;3;Regulation.UP;Regulation.NEUTRAL;False;0.059812950782499374;0.008635294359042756;0.025628451027500082;-0.02231247090067881;0.025839840498031813;-0.014480171774263195;0.03342086443340084;-0.033436958493880564;0.03449669730208468;-0.020103513577858667
69;4;6;0;3;Regulation.DOWN;Regulation.NEUTRAL;True;3.0904570926180748;2.904958764536606;3.1865408777198723;2.9465089969275846;3.106422639307268;2.9094172542736443;3.098997908103927;2.905131383154523;3.062571842470648;2.8828240825781526
69;4;5;7;0;Regulation.UP;Regulation.NEUTRAL;True;2.2879082604644396;2.1350931502321853;2.239817365317498;2.099342776783457;2.239817399071317;2.099346034480444;2.239820427138431;2.0993493092105497;2.6053963460123395;2.373843918927383
69;4;5;7;0;Regulation.DOWN;Regulation.NEUTRAL;False;0.02621902024836808;0.01886861565863577;0.026694951754726595;0.01925533309148656;0.026694733061719135;0.01925516618295646;0.026694723476759066;0.019255157771728856;-0.020685060146258503;-0.02424702110327709
69;5;6;7;8;Regulation.UP;Regulation.NEUTRAL;False;0.05206914191998248;0.0006216445953860505;0.05212969630309265;0.0006386156176415997;0.05212967239151148;0.000638616880158413;0.05400169316303515;0.002386417165644493;0.04931371407446416;-0.04629200382193488
69;5;6;7;8;Regulation.DOWN;Regulation.NEUTRAL;True;0.051793525242309624;0.028473825113853934;0.009696916687114393;0.004386872376029111;0.009886633099332215;0.004666826720986783;-0.4195360646404277;-0.5579463648985612;0.0913813418408442;0.047781780722509326
69;1;8;9;4;Regulation.UP;Regulation.NEUTRAL;True;0.03632061213537502;0.009563105715265585;0.019144160604118554;-0.0037529713264566056;0.019141706694714516;-0.0081289472722601;0.04204651639801496;0.00545200158546208;0.03988851202309132;0.0009645414671249353
69;1;8;9;4;Regulation.DOWN;Regulation.NEUTRAL;True;0.019232443849264702;0.0025943777681115554;0.018940863084765502;0.0036094310760194093;0.018940863084765502;0.0036094310760194093;0.018940863084765502;0.0036094310760194093;0.0202892171057395;0.015483277527520989
69;4;6;1;9;Regulation.UP;Regulation.NEUTRAL;False;0.001040777785068836;-5.6045894436307364e-05;0.0008119070010407237;-1.7028723008738478e-05;0.0015600403869519552;-9.503601183791233e-09;-0.0002871775321536263;3.397063465998551e-05;0.0009782101538361454;6.7398773659910205e-06
69;4;6;1;9;Regulation.DOWN;Regulation.NEUTRAL;True;0.00096878329384259;0.000541575131398131;0.0008525056686334853;0.00048015890311875475;0.0008434174930505578;0.0004754337104674877;0.0008392152597393732;0.00047326176747103377;0.0018423358406288448;0.0010250992083551402
69;3;5;9;8;Regulation.UP;Regulation.NEUTRAL;True;0.00012141279065908117;0.00010479342328784114;6.805500052142754e-05;5.614421264599212e-05;6.80485209625381e-05;5.614211550925008e-05;6.80554735758565e-05;5.614089715555437e-05;0.0018003934618292736;0.001624425677592023
69;3;5;9;8;Regulation.DOWN;Regulation.NEUTRAL;True;0.8055502662216083;0.6599715954743561;0.8060728020931613;0.6671338222741041;0.8060728020931613;0.6671338520626174;0.8060729403389671;0.6671340955236237;1.123838518564848;0.9968037920475953
69;6;4;2;7;Regulation.UP;Regulation.NEUTRAL;False;0.39574563076150665;0.10612934124240209;0.3914236249560605;0.10303719428352598;0.3897869655491355;0.101671566886472;0.38815667859111036;0.1003135924603091;0.005445533727899965;-0.023501833047185894
69;6;4;2;7;Regulation.DOWN;Regulation.NEUTRAL;True;0.005529945356236743;0.0016097799369398924;0.005601159253863175;0.0016212793792097502;0.005599347757292761;0.0016208437176550294;0.005599347919429731;0.0016208437558598021;0.008240610172910723;0.0023211731841303873
69;1;3;9;3;Regulation.UP;Regulation.NEUTRAL;False;0.019362565901341448;0.000275541954349718;0.018709416207900953;0.00038004151543233333;0.01812665760704336;0.00029632906653376256;0.017858089292729133;0.0002855004748645723;0.018051248376166028;0.00026213038784085596
69;1;3;9;3;Regulation.DOWN;Regulation.NEUTRAL;True;0.4059211095227576;0.22623933031999938;0.4192466104254904;0.2356414374335553;0.4176596418130462;0.23439166616069956;0.41890256508649515;0.235274524243158;2.163065748514108;0.9837384446199917
26;6;8;4;9;Regulation.UP;Regulation.NEUTRAL;False;0.1938228145617628;0.1337157560973687;0.2023473421255924;0.14466336694306914;0.20169085087226035;0.14405236706263658;0.20184373123078903;0.1442286310729406;0.2023305907672296;0.1448291257497516
26;6;8;4;9;Regulation.DOWN;Regulation.NEUTRAL;True;0.14814405605281694;-0.004306562761838467;0.3803087041490821;0.04585898917977671;0.11211631611180746;-0.020244042507273657;0.1091163010189396;-0.02118321607958748;0.10998045353799098;-0.02096093829317125
26;4;2;9;10;Regulation.UP;Regulation.NEUTRAL;False;0.5736671945105734;0.49373271457867374;0.8613690237561852;0.6652764087223684;0.5408026843830882;0.47871632884254417;0.6037450026373878;0.5411477564605351;0.5393697534915292;0.4752655953197875
26;4;2;9;10;Regulation.DOWN;Regulation.NEUTRAL;True;0.4696864148316701;0.3290462743839274;0.4838803974545528;0.3654884733539787;0.4680592552410703;0.34575355972088256;0.45520870873865016;0.3317643615620821;0.4826327695258593;0.3954280160863435
26;10;9;4;0;Regulation.UP;Regulation.NEUTRAL;False;0.009278322205576187;0.0020786345220856067;0.00927585131868576;0.0020843507207399456;0.009160013438403378;0.0020469022089750558;0.00920475302153062;0.0020622850411701407;0.009190367641716511;0.002055916387837982
26;10;9;4;0;Regulation.DOWN;Regulation.NEUTRAL;True;0.10373743517695261;0.03361623050916157;0.10672731418324438;0.03471302191648756;0.10554179428501104;0.03359295996710143;0.10968190806150746;0.03510053977810368;0.11093396144495438;0.03574500521021756
26;10;0;1;4;Regulation.UP;Regulation.NEUTRAL;False;0.10333100038224219;0.09845777570057501;0.052083619405101256;0.049553342424846436;0.05590317171604514;0.0532295073628648;0.05934567124830459;0.056572518649072256;0.051133478454298;0.04875340988393678
26;10;0;1;4;Regulation.DOWN;Regulation.NEUTRAL;True;0.4530529494919382;0.3679997626993562;0.45290727655816126;0.36788244327139813;0.4529071674402776;0.36788220692609525;0.4529071653091111;0.367881766780692;0.45311358155118997;0.3681771257866342
26;3;0;7;0;Regulation.UP;Regulation.NEUTRAL;True;0.0035556625829239463;0.002018675258580571;0.0034361319612048746;0.0017790875518207683;0.0036134510786651197;0.001914466131258008;0.0033372180172965837;0.0017777287257795815;0.003556346694932905;0.0019357080057781362
26;3;0;7;0;Regulation.DOWN;Regulation.NEUTRAL;False;0.01883576168429832;0.01057623865105789;0.018161112649126537;0.01040251799803446;0.01859108145155608;0.010503917600747037;0.018818662252190144;0.010421791566272542;0.01858090808738408;0.010559695112049794
26;10;7;0;4;Regulation.UP;Regulation.NEUTRAL;False;0.0054958053277548435;0.0035110971690868187;0.0054941527177697624;0.003508411661668931;0.0054945181044125935;0.0035078139342274994;0.00549507671688193;0.003511738540496634;0.005495804745521804;0.0035109352355129353
26;10;7;0;4;Regulation.DOWN;Regulation.NEUTRAL;True;0.3395733708783387;0.32994879864671656;0.3370010931300239;0.3276071916992912;0.3370683931403795;0.32767703065185794;0.3369795169486669;0.3275904130995402;0.39546567538478505;0.38325433413822113
26;2;10;5;3;Regulation.UP;Regulation.NEUTRAL;False;0.33579076541987146;0.010908964074033911;0.33626039805921426;0.010951451749722507;0.3362609931071907;0.010951431657482413;0.33626096857483034;0.010951431764013475;0.3363807749209851;0.01094128393891719
26;2;10;5;3;Regulation.DOWN;Regulation.NEUTRAL;True;0.0067000295872844395;0.0021741862621155184;0.006450880987103391;0.0021907020191848092;0.00611840898567273;0.002232366939845687;0.006715057326731222;0.002212032353973381;0.006399039129527606;0.0023602856719057708
26;6;7;4;1;Regulation.UP;Regulation.NEUTRAL;False;1.7188810790824576;0.49540412183710925;1.7189462607701667;0.4954334998172565;1.718881302214232;0.49540053443212106;1.7188973941217385;0.4954157521983388;1.7188871270578212;0.49540783232731433
26;6;7;4;1;Regulation.DOWN;Regulation.NEUTRAL;True;0.11079702763643734;0.019403777236169276;0.10953154390448783;0.01959753190597105;0.10928647609469755;0.019619352260594525;0.10892619299033929;0.019455095283796103;0.13100171141986655;0.022683552402307405
26;8;3;10;2;Regulation.UP;Regulation.NEUTRAL;False;0.8286476328619021;0.5445787577682194;0.8188639246612094;0.5371330355878202;0.74993953961373;0.47878557166647684;0.8168561096235919;0.5359537595435001;0.8409071882691775;0.5556745357970957
26;8;3;10;2;Regulation.DOWN;Regulation.NEUTRAL;True;1.0487726589541566;0.8290279226606846;1.0503648855280936;0.8290179751256049;1.0500016512226968;0.8289145549480531;1.0491245375959688;0.8272508492685975;1.0497129267769156;0.8289063734948341
26;3;1;8;7;Regulation.UP;Regulation.NEUTRAL;True;0.1444738608622075;0.030638589144774242;0.1442112639795287;0.030238543083139335;0.1444448906648776;0.030630615541047373;0.14443098172710772;0.030610850228231956;0.1443972228036245;0.030510970441205515
26;3;1;8;7;Regulation.DOWN;Regulation.NEUTRAL;True;0.13574154917249928;0.0526412149666112;0.15541714519139194;0.06269798333350723;0.15537887611846557;0.06262122556325134;0.155392693839223;0.06264024660665968;0.15539950708043673;0.06267175963490132
23;5;0;2;8;Regulation.UP;Regulation.NEUTRAL;False;6.732909412014709e-05;-2.8222233563912624e-05;7.098856300803355e-05;-3.018198333909483e-05;6.732819431443104e-05;-3.448216817725225e-05;7.306375723603598e-05;-3.109011879243173e-05;8.19382778732558e-05;-2.5795780082549236e-05
23;5;0;2;8;Regulation.DOWN;Regulation.NEUTRAL;False;0.0006418533172244251;-9.194386524931375e-05;0.0007226246119610333;-7.755367697434568e-05;0.0006255765105871655;-9.685815986293367e-05;0.0006179583268574994;-8.917079481829404e-05;0.000616810563472299;-9.768355808315032e-05
23;1;0;12;0;Regulation.UP;Regulation.NEUTRAL;False;0.09123841661058202;-1.0845014250804308e-06;0.08495294899511016;-3.7074213438681447e-06;0.08942965010422677;-1.919992537124937e-06;0.09399128190764236;-4.4416583744322224e-09;0.09217547369351609;-1.457769394364039e-06
23;1;0;12;0;Regulation.DOWN;Regulation.NEUTRAL;True;0.1407258108314924;-5.3359888943171896e-05;0.13174859477011774;-9.529975007541158e-05;0.13271902242665895;-8.633637192916738e-05;0.1352739971895009;-6.607051587026458e-05;0.1327872294626734;-6.675527757610267e-05
23;8;0;6;0;Regulation.UP;Regulation.NEUTRAL;True;0.6919457896926027;0.00011333997031387488;0.6901970983167327;0.00011300834708649621;0.6806632796794378;9.922482662755305e-05;0.6978311273136529;0.00011898207601140909;0.6928872775982885;0.00011612092848306554
23;8;0;6;0;Regulation.DOWN;Regulation.NEUTRAL;False;0.11790862006239013;2.2628784033584814e-05;0.05454347267107642;-0.00011629582533639882;0.05131552728157021;-0.00013575100147048685;0.049555449467286405;-0.00015000240436874313;0.05144262972734104;-0.00013701408934166381
23;9;4;6;1;Regulation.UP;Regulation.NEUTRAL;False;0.21083746796597536;-5.9750894157772905e-05;0.16958713220947497;-0.0001182610684116181;0.16903956945984264;-0.00011506368022717872;0.1680568655976449;-0.0001133469193649872;0.20657693351823903;-6.847808229507035e-05
23;9;4;6;1;Regulation.DOWN;Regulation.NEUTRAL;True;0.05671174298848626;-0.0002647676428388854;0.07248265233423835;-0.00018972008376426375;0.05466342897403309;-0.0003016461335001164;0.09531249118059348;-6.778598051798701e-05;0.053041744112024836;-0.00032931392672735926
23;3;2;1;12;Regulation.UP;Regulation.NEUTRAL;False;0.11582483671801289;-8.053612668637578e-05;0.14030920874435615;-2.1630827999122304e-05;0.12063272398018193;-0.00010205939247999452;0.11797578106424447;-9.29755667239962e-05;0.13420063349291006;-4.08124092139972e-05
23;3;2;1;12;Regulation.DOWN;Regulation.NEUTRAL;True;0.06742659988991011;-6.938912714699041e-05;0.10765325150477786;1.3774511578024118e-06;0.07520456619496232;-6.917002855341692e-05;0.06171773466085034;-0.00011024279613183752;0.09003797789472415;-3.8938936421095693e-05
23;9;4;12;3;Regulation.UP;Regulation.NEUTRAL;False;0.15399233978781995;-0.00010250167360281726;0.13134091700118883;-0.00017259884506648504;0.12676245394395985;-0.0001918627172509818;0.12800426468824264;-0.00019391257538520223;0.13296501897480545;-0.00018039649401223323
23;9;4;12;3;Regulation.DOWN;Regulation.NEUTRAL;True;0.16343587393757664;8.559033445515452e-06;0.18839305313799923;1.6589269794239914e-05;0.16233895703062493;7.4229537381925725e-06;0.15737294180207848;4.333757324476162e-06;0.2633223248267193;4.4102969225301436e-05
23;9;4;3;6;Regulation.UP;Regulation.NEUTRAL;False;0.44891603372777394;1.97654340033937e-07;0.41768017775076494;-5.008549220308911e-05;0.4174407121203409;-5.647440775571888e-05;0.4433601775134336;-5.958428366259483e-07;0.4992092714049957;5.3872863672976834e-05
23;9;4;3;6;Regulation.DOWN;Regulation.NEUTRAL;True;0.06141661795638513;-0.00011943454654873842;0.07417732924016503;-7.424265096719201e-05;0.05999650637276682;-0.00014509368554316282;0.05704300840524189;-0.000142850345785428;0.10191552262751047;-2.2806163497701704e-06
23;3;2;12;4;Regulation.UP;Regulation.NEUTRAL;False;0.18620405083453634;-0.0005023719809821303;0.18915181863369712;-0.0005124629539693532;0.17532949889085317;-0.0005234336830731712;0.17325365630372724;-0.0005718981264150047;0.18067705410989066;-0.0005528740759960793
23;3;2;12;4;Regulation.DOWN;Regulation.NEUTRAL;True;0.20731689486516913;-5.9125208587446076e-05;0.188637848960719;-8.679641517039816e-05;0.19359395743487168;-7.90072896737215e-05;0.19648829425415007;-6.125357486974625e-05;0.254472074744051;-1.3244985397842246e-05
23;8;1;2;7;Regulation.UP;Regulation.NEUTRAL;True;0.08819850951714844;-0.00012970125197236948;0.09177535643988288;-0.00010680741392954385;0.08896352367554378;-0.00012176817845818699;0.11077172578398134;-5.7957791750773424e-05;0.11578078380738605;-4.349049895514823e-05
23;8;1;2;7;Regulation.DOWN;Regulation.NEUTRAL;False;0.2077723964905121;-1.1219866987766114e-05;0.22390278596632934;-3.489906713699531e-06;0.23111135687366285;2.896888969539102e-06;0.21088217674978468;-1.3656711627035856e-05;0.20503781638768673;-1.0721901809229717e-05
23;9;4;0;3;Regulation.UP;Regulation.NEUTRAL;False;0.3172086417612004;6.979137436190219e-05;0.3069623331894623;5.894570841719071e-05;0.3097826928952199;6.105123704636117e-05;0.31387706342015503;6.974236210052775e-05;0.3393687638643066;8.232720787104686e-05
23;9;4;0;3;Regulation.DOWN;Regulation.NEUTRAL;True;0.3431162641761618;8.283729087116276e-05;0.34979586151630815;0.00011631304734377457;0.3405469626224026;8.653167730568456e-05;0.33805591882656183;7.980125390635862e-05;0.3869847438681401;0.00013800427480156752
29;0;2;3;2;Regulation.UP;Regulation.NEUTRAL;False;4.543785786348398e-06;4.337879903809627e-06;8.168654648671447e-06;7.694508826761037e-06;5.326516310466545e-06;5.103105656711904e-06;2.6059130358024873e-06;2.472101643918867e-06;5.4810927973547585e-06;5.243326382214919e-06
29;0;2;3;2;Regulation.DOWN;Regulation.NEUTRAL;False;1.7473402290857365e-05;8.229955688277002e-06;5.7671597868513835e-05;2.5869295147973315e-05;1.9464808280633683e-05;9.569896766037367e-06;2.1304562037915975e-05;1.007289992194238e-05;2.0802448008561125e-05;9.72144129657293e-06
29;0;2;3;2;Regulation.UP;Regulation.NEUTRAL;False;0.0001916077156919882;0.00016817196485743868;0.0003727354930935234;0.0003368735975849413;0.0002041416116893291;0.00018005890399383495;0.0001903060421323266;0.00016690277391182007;0.0003133329496826376;0.0002765238378224788
29;0;2;3;2;Regulation.DOWN;Regulation.NEUTRAL;False;9.724210233275077e-05;8.795457725652156e-05;0.00011369817946588201;0.00010144704639364344;9.710684315156204e-05;8.762810326001791e-05;0.00014710476601731415;0.0001325060791053101;0.00018405946392968664;0.00016552034819666828
29;0;2;3;1;Regulation.UP;Regulation.NEUTRAL;False;8.139870125156712e-09;6.8303195460694965e-09;9.828472849471304e-08;7.789621803144797e-08;7.220317038703072e-09;6.171322841641569e-09;7.349353431385097e-09;6.3484503348698595e-09;9.620853655412098e-09;7.959681483371561e-09
29;0;2;3;1;Regulation.DOWN;Regulation.NEUTRAL;False;6.509979527669074e-09;3.1111814929873916e-09;1.5838870312534503e-08;1.0896567689822056e-08;1.7700748353166595e-08;6.056962389977549e-09;1.1176639211352146e-08;5.1782143989376195e-09;7.476743502099481e-09;3.9813752156225846e-09
29;3;1;2;1;Regulation.UP;Regulation.NEUTRAL;False;8.437837875685528e-06;7.852083566628476e-06;9.600309108348526e-06;8.744934416882177e-06;5.4653740505505866e-06;5.0254507531488635e-06;8.103102574985588e-06;7.5833891403087605e-06;9.410248483388006e-06;8.851431732015413e-06
29;3;1;2;1;Regulation.DOWN;Regulation.NEUTRAL;True;1.6206692794485922;1.600092654995843;0.731323433594667;0.7255958827180844;0.7308093559470888;0.725087117155041;0.7317759942607163;0.7260436707180875;0.7376418219190508;0.7317834936815952
22;7;1;4;8;Regulation.UP;Regulation.NEUTRAL;False;0.03954470559501802;0.013809450556971137;0.03937426837725763;0.013783291491708455;0.040063393532394326;0.014248462978162013;0.03965280783270109;0.014348407244309053;0.03919650628880397;0.014130900377403277
22;7;1;4;8;Regulation.DOWN;Regulation.NEUTRAL;True;1.390123569411817;0.0007206340468620676;0.9627332775124822;5.231995394433531e-05;1.4284458358969019;0.0007544654642278603;1.044472047197778;0.0004002071154181053;0.9309317376761246;8.418049985675635e-05
22;7;10;8;1;Regulation.UP;Regulation.NEUTRAL;False;0.0016677145597061224;0.00011014602088199599;0.0017312424600409784;0.0001056837624480167;0.0018435734175390496;8.754538045713245e-05;0.0017711295426467086;9.524172300179323e-05;0.0019014929541755418;0.00013593890745504378
22;7;10;8;1;Regulation.DOWN;Regulation.NEUTRAL;False;0.06365766995795266;0.0019335540990163547;0.0637459080418879;0.002146106107592652;0.06342025000908297;0.0019241660765639823;0.06343446675335437;0.0018270552239323112;0.06446142037626806;0.0019571449358473103
22;7;2;8;10;Regulation.UP;Regulation.NEUTRAL;False;0.14044205482255004;0.003389334779727693;0.13988603107316594;0.0032703884327714983;0.13907778633369022;0.003158244313374192;0.13958680393192696;0.0031070825071990438;0.1405084345226202;0.0033384929840518107
22;7;2;8;10;Regulation.DOWN;Regulation.NEUTRAL;True;1.6929605839363506;7.529568448694235e-05;1.1272923825288486;1.2524342372755015e-05;1.7284495481903415;7.683652231416094e-05;1.2008361048198513;4.223489979893191e-05;1.1445661421236233;5.585783068662309e-05
22;7;9;4;5;Regulation.UP;Regulation.NEUTRAL;False;1.003079739473236;0.00027471119683364353;0.5400044015323704;4.275730986091908e-05;1.0331771176170477;0.0002931284377452603;0.8832184796975695;0.0002467392354303932;0.5473200430255065;3.184347659934694e-05
22;7;9;4;5;Regulation.DOWN;Regulation.NEUTRAL;False;1.7505653301233965;0.0001116276103395597;1.2865907627850546;3.565004256556037e-05;1.7858732207712325;0.00013375581802710368;1.5836010404214198;0.00011076321281799917;1.27701156327411;3.89521664194703e-05
22;7;9;4;10;Regulation.UP;Regulation.NEUTRAL;False;0.752460678267576;0.00033655499046303383;0.5222171222997898;4.039587520154875e-05;0.7579540220923635;0.000344551581791086;0.6194725126164886;0.0001887761997249049;0.7746093048523541;0.00035607315922853155
22;7;9;4;10;Regulation.DOWN;Regulation.NEUTRAL;False;1.285370599199767;0.0001191976544837603;0.9504764510033332;9.181758166165732e-06;1.3096025915180902;0.00012146826339110017;1.2288588584713005;0.00011075529378928861;1.228106578395969;0.0001122270204637621
22;7;1;4;2;Regulation.UP;Regulation.NEUTRAL;False;0.017814620652435775;0.017764281432679774;0.01833884480837228;0.01805282392662738;0.01796934625773572;0.01785194935175538;0.018130378673211323;0.017941856198616657;0.01775917679426353;0.017706636352676497
22;7;1;4;2;Regulation.DOWN;Regulation.NEUTRAL;True;2.804105129588045;0.0001203460742338347;2.1293219905776937;4.416659883155205e-06;2.8326720663144274;0.00012721206751997727;2.190213721651688;4.6749768846554574e-05;2.219436041316093;4.986135603335384e-05
22;7;9;8;1;Regulation.UP;Regulation.NEUTRAL;False;1.7476582111027494;2.2841302106391126e-06;1.1803222069920765;3.0798304495593953e-06;1.786894539013134;2.8492758795684026e-06;1.2133144245369898;2.7298267735176296e-06;1.2786920330983738;2.0850668474015066e-06
22;7;9;8;1;Regulation.DOWN;Regulation.NEUTRAL;False;1.7717355371206802;0.00037059143135342865;1.2876081517904838;4.6002294305069746e-05;1.807791404599922;0.00039391824833856504;1.4878235782098324;0.0002880521845284312;1.327623268065858;0.00016258780148359353
22;7;2;8;1;Regulation.UP;Regulation.NEUTRAL;False;0.001971827058454223;0.001820558876756917;0.0021207730131783675;0.0018525734071745958;0.0019629215395126354;0.0017899332869319995;0.0018385191529343148;0.0017904325466481241;0.0020384179407192393;0.0017577357803455484
22;7;2;8;1;Regulation.DOWN;Regulation.NEUTRAL;True;2.7377543603275343;0.00032329461655700165;2.0640953221185745;2.4751635792075177e-05;2.7648900387724344;0.0003308558733170486;2.1403516063658254;0.0001344209750053782;2.1407998951948297;0.00013810099686906163
22;7;2;4;0;Regulation.UP;Regulation.NEUTRAL;False;0.004782184836651784;0.004508536395757545;0.005234652937277352;0.005056050770636533;0.005269770124579791;0.004970671220397932;0.004781944447217246;0.0047109645308555485;0.005118395151270362;0.004977808485285118
22;7;2;4;0;Regulation.DOWN;Regulation.NEUTRAL;True;1.6889713982052004;0.000313508660214179;1.3080387623594936;2.8103581716232284e-05;1.7229996002786028;0.0003364549499291769;1.3517655974643277;0.0001302389587427566;1.7251123513987099;0.0003316880080341811
22;7;10;8;2;Regulation.UP;Regulation.NEUTRAL;False;1.7473683804690405;0.0004029281372766036;1.1798967947366554;0.00011022729665055575;1.786550277830869;0.000432593301374129;1.2123001496589496;0.00025863313913920827;1.2784981465317267;0.00017973377223090559
22;7;10;8;2;Regulation.DOWN;Regulation.NEUTRAL;False;1.781507669679059;0.00028041076846740953;1.2959809121746173;4.951934704811034e-05;1.8179447582534924;0.00028281101211413695;1.4952525164022608;0.0002166637666517479;1.3365091568925402;0.00013174595525855537
16;2;3;0;3;Regulation.UP;Regulation.NEUTRAL;False;1.3047383014030374;1.2821589980422985;0.8985469030551961;0.8784313875339701;1.3052748239934249;1.2829131211053317;0.8985533558585682;0.8784391323558638;0.9353719404235401;0.9113534949659796
16;2;3;0;3;Regulation.DOWN;Regulation.NEUTRAL;False;0.5411689006695581;0.5202133862689488;0.35640478695808;0.33704336787569944;0.5423752516621376;0.5214848660521276;0.37118058890321004;0.35253499703623037;0.36065012767199983;0.34192857682608585
16;2;4;0;4;Regulation.UP;Regulation.NEUTRAL;False;1.3400074015758512;1.3005673159592193;1.0491649773409537;0.9954511887898607;1.34052325059522;1.3007389902283402;1.049168467219302;0.9954502669938001;1.0749120679127497;1.0179946450741728
16;2;4;0;4;Regulation.DOWN;Regulation.NEUTRAL;False;0.6100205301188968;0.5694408645432045;0.4623629588322751;0.41557255277941796;0.6109849019948443;0.5704506670016289;0.47258886130457417;0.42766483596983057;0.4649220458489164;0.41929313358980935
16;1;4;2;3;Regulation.UP;Regulation.NEUTRAL;False;0.15836567258121723;0.13320959974908075;0.07837580633278957;0.07012517328596984;0.15415258021482198;0.12990710789923948;0.07939987824750527;0.0711140445921713;0.09647250970154089;0.08326736846949345
16;1;4;2;3;Regulation.DOWN;Regulation.NEUTRAL;False;0.0046993441969948035;0.004515514116154251;0.004323280969930121;0.004015277511873361;0.002706066396777007;0.0024252462698880484;0.0032333295763512515;0.0030253335375673984;0.003048693285826798;0.0028416837207138057
16;2;4;0;1;Regulation.UP;Regulation.NEUTRAL;False;0.37885290256074367;0.04724517889413371;0.2637570735939885;0.03959337796343823;0.3789940600376378;0.047243889864182376;0.2639692157224218;0.03961024003120969;0.3115813451992344;0.044552180068281766
16;2;4;0;1;Regulation.DOWN;Regulation.NEUTRAL;False;0.17307529066409144;0.00016785071617106406;0.11944407050943034;0.0007683504264804353;0.17344734693489783;0.00016439078457444745;0.1305375925771075;0.0007612903507567825;0.138783754914948;0.0008234232464349109
16;1;4;2;0;Regulation.UP;Regulation.NEUTRAL;False;2.090178311195401e-05;1.1931505344842108e-07;2.3421617649566073e-05;1.5466925973317558e-07;2.100151136830153e-05;1.1622983281389665e-07;2.190359476780812e-05;6.107436401059374e-08;1.9719280101443415e-05;1.5392655977608527e-07
16;1;4;2;0;Regulation.DOWN;Regulation.NEUTRAL;False;0.000528470874041731;0.0003188125036514;0.0005124161027413726;0.0002545867967803095;0.0005380553445120395;0.00032740252934522485;0.0005238604113488449;0.00031537253962107825;0.0005316104248943576;0.00032255266907164903
16;1;3;2;0;Regulation.UP;Regulation.NEUTRAL;False;1.0816938388724662e-05;6.21700298242267e-07;1.2801857352029433e-05;7.215741826271937e-07;1.0894900817515207e-05;6.129419566902605e-07;1.157045734029305e-05;4.594523266288064e-07;9.92044866790498e-06;7.20010865429277e-07
16;1;3;2;0;Regulation.DOWN;Regulation.NEUTRAL;False;0.00024903583689760145;0.00014216053908865794;0.0002528492373030794;9.963014715045487e-05;0.00025520830183016485;0.00014776419794253204;0.00024530974350885776;0.00013945269318663828;0.0002508839023248749;0.00014458570795566894
16;2;3;0;4;Regulation.UP;Regulation.NEUTRAL;False;0.4052255311573852;0.060061959262160125;0.1785053456945329;0.03542162917065644;0.4058012864302635;0.06012548881927679;0.17850856600669773;0.03542276163325059;0.24163426074472402;0.04091111543902627
16;2;3;0;4;Regulation.DOWN;Regulation.NEUTRAL;False;0.326658994644871;0.30771554782828175;0.177379050967426;0.17129853645302984;0.32762019370116147;0.3085772112821069;0.19847333755897056;0.19211044351072643;0.18832624200581582;0.18367271371451566
16;1;3;0;3;Regulation.UP;Regulation.NEUTRAL;False;1.3047383014030374;1.2821589980422985;0.8985469030551961;0.8784313875339701;1.3052748239934249;1.2829131211053317;0.8985533558585682;0.8784391323558638;0.9353719404235401;0.9113534949659796
16;1;3;0;3;Regulation.DOWN;Regulation.NEUTRAL;False;0.5411689006695581;0.5202133862689488;0.35640478695808;0.33704336787569944;0.5423752516621376;0.5214848660521276;0.37118058890321004;0.35253499703623037;0.36065012767199983;0.34192857682608585
16;1;4;2;4;Regulation.UP;Regulation.NEUTRAL;False;0.061054198511341695;0.05176951162692878;0.028381726337444624;0.025994651203640085;0.05933235826862743;0.05040877339320515;0.028868332096399663;0.02645985044462812;0.035279118511799545;0.030954595884683966
16;1;4;2;4;Regulation.DOWN;Regulation.NEUTRAL;False;0.0030614459476762113;0.0029167304626909196;0.0028468714168659037;0.002587931986387293;0.0017017649047929018;0.0014640366401142968;0.002048037893572885;0.0018722437592864072;0.0019239564774619633;0.001745568866557079
16;1;3;0;2;Regulation.UP;Regulation.NEUTRAL;False;0.026922393593846072;0.01748439709763694;0.006467035700346069;0.004218391299314339;0.026983910155296387;0.017526059039442043;0.006467072731304868;0.004218999571399373;0.006609478498752319;0.004538028783442005
16;1;3;0;2;Regulation.DOWN;Regulation.NEUTRAL;False;0.010285638300570388;0.005804883131667715;0.0036508898852189997;0.0020849343409350407;0.01033102134008812;0.005830414841730969;0.00486422538243142;0.0024128941751995203;0.004731486465472501;0.002430148286881706
204;1;6;3;9;Regulation.UP;Regulation.NEUTRAL;False;0.00010501668184811908;-3.747540641141356e-06;0.00011314557611721843;-4.466968636651636e-06;0.00011317454410264549;-2.872826272315443e-06;0.0001055433929393057;-2.6597643576486973e-06;0.00011901513117024143;-1.8712055668834715e-06
204;1;6;3;9;Regulation.DOWN;Regulation.NEUTRAL;False;2.169114947010054;6.041003418455482e-05;2.17729280021335;9.629999679838797e-05;2.1690840186300404;6.059339714914458e-05;2.1915459312856944;9.141342812157838e-05;2.1819833772256017;0.00024292597417252537
204;9;6;2;7;Regulation.UP;Regulation.NEUTRAL;True;0.0018523271594853424;-0.00037898301740166285;0.0018767769904124631;-0.0003720438269239623;0.0018625704964989886;-0.00043164840496356244;0.001925539048038008;-0.00039061169551674046;0.0018731087674587615;-0.0003730539067485772
204;9;6;2;7;Regulation.DOWN;Regulation.NEUTRAL;False;0.01397038138551096;-0.00020288067514717678;0.01667665416249342;-0.00015301967713454712;0.014717321660859248;-0.00020582852400383156;0.016370881573456897;-0.00016499376034098678;0.013124893538137117;-0.0002341162545253933
204;5;6;2;8;Regulation.UP;Regulation.NEUTRAL;False;0.0015270574804925607;-0.0003516965928432175;0.0016148940665296225;-0.0003691126349322227;0.0016027393121763045;-0.0003234010636858353;0.0015790212143904706;-0.00034853204959484074;0.0015543258360321;-0.00035852334460695356
204;5;6;2;8;Regulation.DOWN;Regulation.NEUTRAL;False;0.4480321363839296;3.524073448141207e-05;0.48302497126107413;5.80223095277832e-05;0.44702362675014184;4.079541008633614e-05;0.47585351386236335;4.4137482953010565e-05;0.6619456031895328;0.00015028184795751187
204;5;6;0;7;Regulation.UP;Regulation.NEUTRAL;False;0.0010235251599229889;-0.00023170129506960846;0.0009894495920585444;-0.00022598158382181044;0.0010358472319647316;-0.00020460418301770922;0.0009812362576522293;-0.00023841699153231977;0.001032124344791746;-0.00022888740919488337
204;5;6;0;7;Regulation.DOWN;Regulation.NEUTRAL;False;0.07856662309350555;-1.9049551023164746e-05;0.08666441470873484;-1.509882945119334e-05;0.07330052632565424;-2.6376013530560183e-05;0.08684929284539719;-1.1536919495958031e-05;0.07346708672697919;-2.866035469570316e-05
204;5;6;9;7;Regulation.UP;Regulation.NEUTRAL;False;0.0013275639907800452;-0.00012393970188268044;0.0012771879485233006;-0.0001225105986388808;0.0013114284748162314;-0.00013328241545379482;0.0013196915188626451;-0.00012828550284815776;0.0013240469696361723;-0.00013236493232005042
204;5;6;9;7;Regulation.DOWN;Regulation.NEUTRAL;False;2.495939073481404;0.00018956938637915144;2.411261348283081;0.00014675026007182623;2.4959617286487426;0.00019938157629773023;2.472195715963653;0.00013797581680785598;2.49594564150836;0.0001950521505915681
204;5;6;8;3;Regulation.UP;Regulation.NEUTRAL;False;0.0015323281433927138;-5.453556582935004e-06;0.0015580842919793447;-4.773686686720957e-06;0.001605918561073394;-4.177206271216427e-06;0.0015559992486568197;-4.898117752560882e-06;0.0014925204795905311;-5.064241275110071e-06
204;5;6;8;3;Regulation.DOWN;Regulation.NEUTRAL;False;0.3952465611858411;9.62690588147408e-05;0.2758369391749338;2.482182067373162e-05;0.2512017103087329;2.2359879088995616e-05;0.2744713577201382;3.1164599308797225e-05;0.25109648044516397;1.5085811504278457e-05
204;5;6;3;8;Regulation.UP;Regulation.NEUTRAL;False;0.0004112103276126544;-2.931664792524269e-05;0.00041727374206999845;-2.8438019175736073e-05;0.00040601344805271666;-2.6948053709063835e-05;0.00039886311380271655;-3.0158548989633882e-05;0.000413936952263827;-2.8845048184122923e-05
204;5;6;3;8;Regulation.DOWN;Regulation.NEUTRAL;False;0.31027404319243035;0.00016681316434372095;0.279654568570615;8.502514727340427e-05;0.3107186260625089;0.00018409298446903088;0.2778752012658936;7.829218388658021e-05;0.49854389450861947;0.0005864100712100195
204;5;6;8;9;Regulation.UP;Regulation.NEUTRAL;False;0.002226298220819045;-0.00023280725519569945;0.0022751211732351118;-0.00024030124704485512;0.0022254924370653795;-0.0002385735529112365;0.0021938502000044685;-0.0002691008206395784;0.0022441618641281524;-0.0002348302975030414
204;5;6;8;9;Regulation.DOWN;Regulation.NEUTRAL;False;0.6433977969420184;0.0001764904040540416;0.5253081098203081;9.646100527710422e-05;0.4743644603005665;8.375681409661384e-05;0.517132620456817;0.00010050188299032259;0.5371559868470308;0.0001144211838710052
204;5;6;7;3;Regulation.UP;Regulation.NEUTRAL;False;0.0014901656554556775;-0.00028204389438253596;0.0015344986304752714;-0.00028462653145125416;0.0014469373457207252;-0.00026568118034499266;0.001499584691142898;-0.00026574114060055887;0.0015301412551280077;-0.00028851876859029013
204;5;6;7;3;Regulation.DOWN;Regulation.NEUTRAL;False;2.6480807378986677;0.00043575825426489523;2.5453204606625484;0.0004514550919487714;2.6480363532504207;0.00043194165990034783;2.54287473341545;0.0004462553270305758;2.6480991974773174;0.00043579216344191707
204;5;6;9;8;Regulation.UP;Regulation.NEUTRAL;False;0.0002470262268796826;-4.028992587112867e-06;0.00025158532758368796;-5.447155228710532e-06;0.0002490402325316804;-3.6157515105883498e-06;0.00023630985043782138;-1.2167953259284436e-05;0.00023915058966349212;-9.587025564694596e-06
204;5;6;9;8;Regulation.DOWN;Regulation.NEUTRAL;False;0.12317314907604371;-3.8393239215422925e-05;0.15878067175980407;7.637074574629032e-06;0.12389838215255267;-4.1943984966208436e-05;0.16740966786070016;2.6789788476616616e-05;0.16786800143734848;2.0912298003356034e-05
631;7;5;2;11;Regulation.UP;Regulation.NEUTRAL;True;2.46631168465464;2.3230951140667706;2.5181126425464746;2.259457711337901;2.463400844289599;2.3231198270832754;2.516508219526675;2.2587229776251103;2.4792772680709563;2.289489785481538
631;7;5;2;11;Regulation.DOWN;Regulation.NEUTRAL;False;2.6386034641444476;2.251964475942736;2.5137651060480732;2.0053417194665686;2.638418637008857;2.252939002826597;2.617479631814204;2.2227481655066788;2.6259168128393666;2.268940722038428
631;0;3;8;7;Regulation.UP;Regulation.NEUTRAL;True;1.3697975170066559;0.615705305825233;1.4655726067086052;0.5815504894200689;1.3709601152657616;0.621065971822076;1.4675179759804209;0.5767814021777837;1.4638804716755272;0.5943449688909463
631;0;3;8;7;Regulation.DOWN;Regulation.NEUTRAL;False;1.2807199025864642;1.273980434080792;1.2795351656440208;1.265424321246907;1.2807821695925146;1.273820753923849;1.2797883828019563;1.2655433195097574;1.2791842807608234;1.2655960676159905
631;5;6;1;2;Regulation.UP;Regulation.NEUTRAL;True;3.923277613138048;3.0287148309136613;3.8062511536487573;3.273147905934919;3.910081399830217;2.9132119726902115;3.664871877593633;2.8103026296223614;3.986272899761784;3.1791811387515096
631;5;6;1;2;Regulation.DOWN;Regulation.NEUTRAL;False;2.865176461333357;2.8059602061984004;2.838796799253798;2.7621242801808794;2.8372764613107933;2.783198272789585;3.001869848038239;2.938372150503116;2.9876445135629983;2.9252840668814173
631;5;6;3;7;Regulation.UP;Regulation.NEUTRAL;True;2.7958604749979923;2.0752064195919697;2.8079348928413252;2.108946478199391;2.7844898872226675;2.0695592510170133;2.7902669133790265;2.1137742460367166;2.829619440781682;2.1183195762347555
631;5;6;3;7;Regulation.DOWN;Regulation.NEUTRAL;False;1.9223104957190889;1.2748965726540513;1.9204235994371743;1.1980001188896936;1.917398303425058;1.2747494028364263;1.92916509584307;1.1960636922058758;1.9192927700335258;1.1982133587726227
631;4;6;3;8;Regulation.UP;Regulation.NEUTRAL;True;2.9993010166836913;2.2720153005018293;2.947214669084362;2.4038201924991944;3.0656419822715746;2.2762634428615107;2.8995378350577683;2.406156024266541;3.096141422990182;2.2567558832116292
631;4;6;3;8;Regulation.DOWN;Regulation.NEUTRAL;False;3.0531736080877856;2.3005553826826093;3.0946782842726224;2.2166666874529843;3.0630100749472504;2.322372093597969;3.159504231144913;2.294931542184134;3.0620006688891666;2.324315777707919
631;4;0;1;5;Regulation.UP;Regulation.NEUTRAL;True;1.8729894942210152;0.696565380513447;1.8553836798762808;0.7034750395709672;1.8962919410508792;0.6931453656284151;1.8768947389806128;0.6991353369114591;1.8885369802483516;0.6970827886907228
631;4;0;1;5;Regulation.DOWN;Regulation.NEUTRAL;False;2.494827393333672;2.095819384715523;2.4259725152524485;2.284839142514145;2.5007433389097873;1.970426738189066;2.5163136963214705;1.964403054531223;2.5190601434060245;2.1340559708997047
631;7;1;2;4;Regulation.UP;Regulation.NEUTRAL;True;2.8640403396812175;2.6700292830266372;2.891149088147783;2.6662871454504273;2.876949780866707;2.814150200299532;2.770907467995225;2.7281599228294615;2.9036440791736915;2.8044079011709124
631;7;1;2;4;Regulation.DOWN;Regulation.NEUTRAL;False;2.6310872757875696;2.046211692046552;2.8239219342549386;2.0582555500799113;2.809314648733557;2.052053168100489;2.7639942471518477;1.9927397200067347;2.8017900420597224;2.0449943090281084
631;6;1;2;11;Regulation.UP;Regulation.NEUTRAL;True;2.9080572104594378;2.6179416316623003;2.9403421524465188;2.605219191389387;2.9283003878221443;2.79762549821406;2.751185541476428;2.7154102434550254;2.90229565638482;2.5888228571987733
631;6;1;2;11;Regulation.DOWN;Regulation.NEUTRAL;False;2.006714210006459;1.7444321078684721;1.9917848468006718;1.5967568552866378;1.977189713668695;1.709786428312883;1.9810835721921172;1.5866928449498587;2.0038051451840175;1.7257434604424708
631;0;2;8;10;Regulation.UP;Regulation.NEUTRAL;True;0.5458908184769524;0.2936928142260393;0.43732806865079377;0.25764743426592684;0.5506851034277709;0.2960751233438027;0.4359393331583029;0.2569428449094278;0.568582892564587;0.3003499149710954
631;0;2;8;10;Regulation.DOWN;Regulation.NEUTRAL;False;0.9094712432666257;0.7927471999043059;0.981184022725335;0.7968019784174503;0.9085065817340028;0.7922340516633449;0.8281164239813672;0.7595334867670354;0.9082187841685465;0.7925206537443834
631;7;3;6;1;Regulation.UP;Regulation.NEUTRAL;False;3.145065494204496;3.065938760390624;3.2581581908560846;3.2250202217119135;3.1696542951889053;3.1310197682193586;3.3140573956044834;3.2813518219491042;3.226137391249013;3.1922493162653716
631;7;3;6;1;Regulation.DOWN;Regulation.NEUTRAL;False;2.127683757144847;1.4582487127697268;2.1229657415806074;1.4168742012749806;2.1253110052916173;1.4575128203920666;2.1238926000438587;1.416554254184219;2.1341875586458148;1.418036686214112
4;1;2;0;3;Regulation.UP;Regulation.NEUTRAL;False;0.09866552293405786;7.743228831402771e-06;0.09825696314850935;6.099597041231419e-06;0.09727514344776703;1.0185800166928605e-06;0.09745184503968682;4.671882204543287e-06;0.09758542711090001;7.019765955740276e-06
4;1;2;0;3;Regulation.DOWN;Regulation.NEUTRAL;False;0.0914996674493318;0.0825126147146843;0.09260091322422909;0.08255610531369062;0.09291980874584221;0.0831867023651427;0.09202948135433323;0.08232826742455912;0.09374738845022601;0.08394677745300333
4;1;2;0;2;Regulation.UP;Regulation.NEUTRAL;False;0.20992871418591294;0.015233938709995898;0.21184105055457134;0.015137088302882296;0.2105234860821243;0.015090350329155788;0.2141043411376693;0.015005195446417707;0.21194342115155512;0.015734446560539905
4;1;2;0;2;Regulation.DOWN;Regulation.NEUTRAL;False;0.01146100370436319;0.010281401170699145;0.01093295238190941;0.01016450308550032;0.010831182800910055;0.010036382330034233;0.010703074122884182;0.009803104136739182;0.010925005038121272;0.00995948018921311
4;1;2;0;2;Regulation.UP;Regulation.NEUTRAL;False;0.02567691561793528;0.017579614710757974;0.02565703602583977;0.017787860593173277;0.025281303515087727;0.017790859126820213;0.0263657961005776;0.017969312701213436;0.025549322072372954;0.017940417983877577
4;1;2;0;2;Regulation.DOWN;Regulation.NEUTRAL;False;0.8014239478415468;0.009510233793216583;0.7998434311262115;0.00943547516218507;0.7974604902576938;0.00944913784680168;0.7970115191817309;0.009394689847621152;0.7976550520040575;0.009617255624299381
4;1;2;0;3;Regulation.UP;Regulation.NEUTRAL;False;0.01959468207391979;0.013564379941037874;0.02004382251795883;0.013784105262358848;0.019856646040490533;0.013628669661581883;0.019707979292713396;0.013737331420470067;0.020258476421054383;0.013977139481284373
4;1;2;0;3;Regulation.DOWN;Regulation.NEUTRAL;False;0.0397749178568296;0.00026180495654937186;0.040058992460103166;0.00031294172288265365;0.03998936548450932;0.00026565953692403443;0.039607461644108916;0.00028261602110468687;0.04061372674558847;0.00025318409397856456
4;1;2;0;2;Regulation.UP;Regulation.NEUTRAL;False;0.1396556712421805;0.0014384186260827936;0.13912064928397788;0.0012887922115019518;0.13879730975742532;0.0012459213328928076;0.14022532913228988;0.001371918426956914;0.13875110632401946;0.0012710419942919549
4;1;2;0;2;Regulation.DOWN;Regulation.NEUTRAL;False;0.009804110362443275;0.009323955045816068;0.009606375773618003;0.009382723766930279;0.00966531003121704;0.009388343630684803;0.009481400397759306;0.009233015621681773;0.00979671971341356;0.009403993858099924
4;1;2;0;3;Regulation.UP;Regulation.NEUTRAL;False;0.08291047793457718;0.012963283562029249;0.0829949800076655;0.013207414956742936;0.08377258307096766;0.013053988949636608;0.08334982079477701;0.013134530752117846;0.08202097472776729;0.012765719431652833
4;1;2;0;3;Regulation.DOWN;Regulation.NEUTRAL;False;0.10579001921037251;0.09840643353714507;0.10686375668039483;0.09834368795092985;0.10672181318896933;0.09871354114283837;0.10613742268216486;0.0979053673334011;0.10543291416298141;0.0971472783350793
4;1;2;0;3;Regulation.UP;Regulation.NEUTRAL;False;0.1553030124536719;0.018623977219102028;0.1545970803096798;0.018269402464094753;0.15457124790628607;0.018140822858110917;0.15425619032847823;0.018049512306945292;0.15489545412459446;0.017795428916163647
4;1;2;0;3;Regulation.DOWN;Regulation.NEUTRAL;False;0.2624079061216568;0.011972028726979111;0.26290127287570886;0.012557616999628929;0.2640163525749144;0.012137660824184549;0.2616206644185024;0.012085767291140165;0.2621618633956547;0.011799249947021057
4;1;2;0;2;Regulation.UP;Regulation.NEUTRAL;False;0.1655222776946641;0.0735880568193944;0.16621629975781965;0.07360869171706058;0.16638885530960468;0.0739780683609716;0.16569036828697364;0.07386890428036269;0.16658555374361653;0.07421439458675883
4;1;2;0;2;Regulation.DOWN;Regulation.NEUTRAL;False;0.05793461145037946;0.0041828531919684;0.05796859940795346;0.004665341241519572;0.05823204641616617;0.004288156384650965;0.058358658089936455;0.00439324565575383;0.05867838940168635;0.004407070585073614
39;2;4;3;1;Regulation.UP;Regulation.NEUTRAL;True;0.4550214933522828;0.0010896467701477786;0.4171183853525493;0.0007919896733146747;0.41798821334642594;0.0007641240781753877;0.4181804464469165;0.0007782896696422181;0.4287579784464885;-0.001754782662238774
39;2;4;3;1;Regulation.DOWN;Regulation.NEUTRAL;False;0.001420352103577438;5.182670364090036e-05;0.0012721677377683094;6.487770043533958e-05;0.0014686219288730928;4.701704401693929e-05;0.0014639324012138966;5.1488289631973494e-05;0.0014471925297390165;7.33415949782934e-05
39;2;4;3;0;Regulation.UP;Regulation.NEUTRAL;True;0.2791873143034725;0.030672013104363405;0.26971444129358985;0.036718848809234705;0.27014082212293655;0.03677151032709358;0.27050266132383566;0.03667627689423414;0.2657851316316986;0.031205870559158466
39;2;4;3;0;Regulation.DOWN;Regulation.NEUTRAL;False;0.03250428898281467;0.01341828635619513;0.031619879032123016;0.013159665251971875;0.03165215062100246;0.012900872669167618;0.03225315674705975;0.013188413704516178;0.03156750142303852;0.01312231091382643
39;3;1;4;0;Regulation.UP;Regulation.NEUTRAL;False;0.34319132322649165;0.011945866965550167;0.34453112174164974;0.01182292573798413;0.34577333179504954;0.01201368628131061;0.34435634888870703;0.011640124494827098;0.34465442768614557;0.011833346919633225
39;3;1;4;0;Regulation.DOWN;Regulation.NEUTRAL;False;0.023502166752013;0.010335099570597417;0.023970761792151518;0.010952039257796087;0.024294978170388067;0.010835979667673967;0.02344536561105809;0.010566215453932715;0.023669253527967865;0.010501003029159128
39;3;1;4;0;Regulation.UP;Regulation.NEUTRAL;False;0.15713725504959117;0.009162090887370022;0.15668033161360798;0.008644012944991675;0.15613948775386044;0.00885620287902622;0.1564259853211406;0.008867443921482587;0.15716679011681312;0.008612068170945397
39;3;1;4;0;Regulation.DOWN;Regulation.NEUTRAL;False;0.8269922450983493;0.7807761643653444;0.515368951400047;0.4874089023549597;0.505672509891022;0.4781907019781998;0.5798707845674304;0.5466842273273753;0.8865994133100122;0.8420926639573117
39;3;1;4;2;Regulation.UP;Regulation.NEUTRAL;False;0.18679352620063205;0.09806920857867907;0.18849856510184798;0.09844965075193984;0.1878111155809514;0.0977868520226215;0.18794029573929386;0.0985915776560235;0.18715264053619676;0.09729997203133534
39;3;1;4;2;Regulation.DOWN;Regulation.NEUTRAL;False;1.5416265421632942;1.471741265373038;0.8585594675017918;0.8021659183820904;0.8629015564952272;0.8061681411616838;0.8595956440682584;0.803131008761907;0.8784406001276988;0.8214515096359952
39;2;4;3;4;Regulation.UP;Regulation.NEUTRAL;True;0.45794569232637555;0.22089960190666288;0.458273970779651;0.21428574688819574;0.4583640422345856;0.21432605026210394;0.4584396128085616;0.21440655358413663;0.45933689741639233;0.21475583232690942
39;2;4;3;4;Regulation.DOWN;Regulation.NEUTRAL;False;0.04555664380513103;0.0005777306725283093;0.04623807931925669;0.0005664721450176491;0.04634828568986171;0.0005368123825509885;0.04607142917007628;0.0004935057200902704;0.04548479007166517;0.0005310976378343768
39;0;2;4;1;Regulation.UP;Regulation.NEUTRAL;False;0.19079143246602437;0.11725865237541822;0.1902463203602182;0.1161592261472697;0.1914545027259696;0.11606226818947052;0.18930990408556736;0.1159535594943435;0.18875987391465926;0.11500168034165326
39;0;2;4;1;Regulation.DOWN;Regulation.NEUTRAL;False;0.20032296879560985;0.00030563579846371036;0.197817290545822;0.00034069208588027866;0.1997199085532394;0.00032931810393296845;0.2006285463161645;0.00027712091239107117;0.20235545623848095;0.0003352060040131555
39;3;1;4;1;Regulation.UP;Regulation.NEUTRAL;False;0.13374527473974152;0.030594620998698585;0.13461510102439622;0.0307678758299188;0.1344877217117602;0.030638864872848004;0.13521520214231333;0.03098743472304466;0.1361971909837272;0.03151382325715657
39;3;1;4;1;Regulation.DOWN;Regulation.NEUTRAL;False;1.1548621975674496;1.0867909079823108;0.7701902847612516;0.7164314587764973;0.7805588849884896;0.7269994436803658;0.748652717614696;0.6943099768284257;0.8160400298822674;0.7607501259480149
39;0;2;4;2;Regulation.UP;Regulation.NEUTRAL;False;0.12013575277942753;0.110844282854346;0.11969178294547414;0.1108468272930423;0.12039218790458978;0.11149426984138877;0.12029412129930958;0.11089362219237026;0.12075688931770484;0.11113671076487847
39;0;2;4;2;Regulation.DOWN;Regulation.NEUTRAL;False;1.5481612677957095;0.1108536056197501;1.0907271115390564;0.011360021457721636;1.0907437465021026;0.011350791638649604;1.0908210996944154;0.011345799134115708;1.0867561821489216;0.011409907962324772
39;0;2;4;2;Regulation.UP;Regulation.NEUTRAL;False;0.0024787951565697908;0.0024081291755462253;0.0023243557402131826;0.0023009539263471046;0.0023556187814246232;0.002354460891612953;0.002111031136728031;0.002091626306496175;0.002593060174864825;0.002522315369727135
39;0;2;4;2;Regulation.DOWN;Regulation.NEUTRAL;False;0.14190599357865205;0.00482579224262375;0.14197223609485016;0.004910740381393053;0.14178914187031672;0.004978223793332237;0.1433208598307556;0.005110936003962063;0.14227300046672253;0.004907528292673158
31;0;1;2;1;Regulation.UP;Regulation.NEUTRAL;False;1.848254132730265e-05;5.980042820930009e-07;2.9977678844328448e-05;1.5089064048234846e-07;2.51207108067919e-05;8.927072805420266e-07;0.00011512199233182363;2.9165601362901583e-06;6.53256415232839e-05;2.3422901112013506e-06
31;0;1;2;1;Regulation.DOWN;Regulation.NEUTRAL;True;6.211009022649705e-05;6.155685921604981e-06;6.13548512929385e-05;6.164199083613653e-06;6.131550308102751e-05;6.164199083613653e-06;6.131551122517953e-05;6.1641993558403385e-06;6.131795252817263e-05;6.164263245345136e-06
27;1;0;2;0;Regulation.UP;Regulation.NEUTRAL;False;3.552681071550268e-08;5.272127179267727e-11;1.0261063704275486e-07;6.043767153407487e-10;5.619722254213144e-08;3.2290459195394305e-10;3.6704578598723003e-08;-1.8216372854595875e-11;6.684125303246802e-08;-2.075734029105547e-10
27;1;0;2;0;Regulation.DOWN;Regulation.NEUTRAL;False;1.8902616578404113e-06;1.137052645054995e-06;1.2309991846062157e-06;6.223981247836102e-07;1.231432300737717e-06;6.227301653921602e-07;1.2438986812524089e-06;6.324817937771593e-07;1.5304221676441798e-06;8.626760343057038e-07
